{
 "cells": [
  {
   "cell_type": "code",
   "execution_count": 5,
   "metadata": {},
   "outputs": [],
   "source": [
    "import numpy as np\n",
    "import os\n",
    "import json\n",
    "import sys\n",
    "import torch\n",
    "import math\n",
    "import time\n",
    "\n",
    "from scipy.spatial.transform import Rotation as R"
   ]
  },
  {
   "cell_type": "code",
   "execution_count": 28,
   "metadata": {},
   "outputs": [],
   "source": [
    "def read_input(file_path):\n",
    "    with open(file_path) as json_data:\n",
    "        d = json.load(json_data)\n",
    "\n",
    "    return d['positions'], d['rotations'], d['parents'], d['foot_contact']\n",
    "\n",
    "def main():\n",
    "    # reading all data\n",
    "    file_path = \"C:\\\\Users\\\\eggyr\\\\OneDrive\\\\RPI\\\\S10\\\\Projects in ML\\\\final\\\\lafan1_detail_model_benchmark_5_0-2231.json\"\n",
    "    all_orig_positions, all_orig_rotations, parents, all_foot_contact = read_input(file_path)\n",
    "    all_orig_positions = np.array(all_orig_positions)\n",
    "    all_orig_rotations = np.array(all_orig_rotations)\n",
    "    new_joints = 10\n",
    "    all_new_positions = np.array((all_orig_positions.shape[0], all_orig_positions.shape[1], new_joints, 3))\n",
    "    all_new_rotations = np.array((all_orig_rotations.shape[0], all_orig_rotations.shape[1], new_joints, 3))\n",
    "    print(f'original positions shape: {all_orig_positions.shape}')\n",
    "\n",
    "    all_new_positions, all_new_rotations = conv_rig(all_orig_positions, all_orig_rotations, parents)\n",
    "    #print(f\"all pos: {all_new_positions}\\nall rot: {all_new_rotations}\")\n",
    "    return\n",
    "    for sequence in range(all_orig_positions.shape[0]):\n",
    "        all_new_positions[sequence], all_new_rotations[sequence] = conv_rig(all_orig_positions[sequence], all_orig_rotations[sequence], parents)\n",
    "        print(f\"all pos: {all_new_positions}\\nall rot: {all_new_rotations}\")\n",
    "        return\n",
    "\n",
    "\n",
    "def conv_rig(positions, rotations, parents):\n",
    "    # takes in original positions and rotations and returns the new representation of positions and rotations\n",
    "    global_rot, global_pos = fk_torch(torch.from_numpy(rotations), torch.from_numpy(positions), parents)\n",
    "    global_pos = global_pos.numpy()\n",
    "    global_rot = global_rot.numpy()\n",
    "    print(f\"all pos {global_pos.shape}: {global_pos}\\nall rot {global_rot.shape}: {global_rot}\")\n",
    "    return global_pos, global_rot\n",
    "\n",
    "    \n",
    "def fk_torch(lrot, lpos, parents):\n",
    "    \"\"\"\n",
    "    Calculate forward kinematics.\n",
    "\n",
    "    Args:\n",
    "        lrot (Tensor): Local rotation of joints. Shape: (..., joints, 3, 3)\n",
    "        lpos (Tensor): Local position of joints. Shape: (..., joints, 3)\n",
    "        parents (list of int or 1D int Tensor): Parent indices.\n",
    "\n",
    "    Returns:\n",
    "        Tensor, Tensor: (global rotation, global position).\n",
    "            Shape: (..., joints, 3, 3), (..., joints, 3)\n",
    "    \"\"\"\n",
    "    gr = [lrot[..., :1, :, :]]\n",
    "    gp = [lpos[..., :1, :]]\n",
    "\n",
    "    print(f'{gr[0].shape}, {gp[0].shape}')\n",
    "\n",
    "    for i in range(1, len(parents)):\n",
    "        gr_parent = gr[parents[i]]\n",
    "        gp_parent = gp[parents[i]]\n",
    "\n",
    "        gr_i = torch.matmul(gr_parent, lrot[..., i:i + 1, :, :])\n",
    "        gp_i = gp_parent + \\\n",
    "            torch.matmul(gr_parent, lpos[..., i:i + 1, :, None]).squeeze(-1)\n",
    "\n",
    "        gr.append(gr_i)\n",
    "        gp.append(gp_i)\n",
    "\n",
    "    return torch.cat(gr, dim=-3), torch.cat(gp, dim=-2)"
   ]
  },
  {
   "cell_type": "code",
   "execution_count": null,
   "metadata": {},
   "outputs": [],
   "source": [
    "def create_object(position, id):\n",
    "    bpy.ops.object.empty_add(type='PLAIN_AXES', location=position)\n",
    "\n",
    "    # store the created Empty in a variable for further manipulation\n",
    "    new_empty = bpy.context.object\n",
    "    new_empty.name = f\"{id}\"  # Rename the Empty\n",
    "    #rotate_about_world_origin(new_empty, (3,0,0))\n",
    "    return new_empty\n",
    "    \n",
    "    \n",
    "def rotate_about_world_origin(x, rotation):\n",
    "    rot_mat = Euler(rotation).to_matrix().to_4x4()\n",
    "    x.matrix_world = rot_mat @ x.matrix_world\n",
    "    \n",
    "\n",
    "def move_bone(bone_name, amount):\n",
    "    # Enter pose mode so rig can be modified\n",
    "    bpy.ops.object.mode_set(mode='POSE')\n",
    "\n",
    "    # Specify the armature object\n",
    "    armature = bpy.data.objects['rig1']\n",
    "\n",
    "    # Specify the bone\n",
    "    bone = armature.pose.bones[bone_name]\n",
    "\n",
    "    # Set the bone's rotation mode to Euler XYZ, if not already\n",
    "    bone.rotation_mode = 'XYZ'\n",
    "    bone.location[2] += amount[0]\n",
    "    bone.location[1] += amount[1]\n",
    "    bone.location[0] += amount[2]\n",
    "\n",
    "\n",
    "def test_movement(iterations):\n",
    "    times = np.zeros((iterations,))\n",
    "    \n",
    "    for i in range(iterations):\n",
    "\n",
    "        move_bone('footcontrol.l', [0, -0.5, 0.5])\n",
    "\n",
    "        start_time = time.time()\n",
    "        bpy.context.view_layer.update()\n",
    "        end_time = time.time()\n",
    "        ik_time = end_time - start_time\n",
    "\n",
    "        move_bone('footcontrol.l', [0, 0.5, -0.5])\n",
    "        bpy.context.view_layer.update()\n",
    "        \n",
    "        times[i] = ik_time\n",
    "        \n",
    "    return times\n",
    "\n",
    "\n",
    "#times = test_movement(1000)\n",
    "#print(f'average solve time: {np.mean(times)*1000} ms, std {np.std(times)*1000} ms')\n",
    "\n",
    "\n",
    "\n",
    "\n",
    "def visualize(json_path, joint_r=5, foot_joint_idx=(3, 4, 7, 8)):\n",
    "    baseName = os.path.basename(json_path).rsplit(\".\", 1)[0]\n",
    "\n",
    "    with open(json_path) as fh:\n",
    "        d = json.load(fh)\n",
    "\n",
    "    print(f'{d.keys()}')\n",
    "\n",
    "    points_list = d[\"positions\"]\n",
    "    points_list = np.array(points_list)\n",
    "    print(f'points shape: {points_list.shape}')\n",
    "    \n",
    "    for frame in range(points_list.shape[0]):\n",
    "        for joint in range(points_list.shape[1]):\n",
    "            create_object(points_list[frame, joint], f\"{frame}.{joint}\")\n",
    "        return\n",
    "    return\n",
    "\n",
    "\n",
    "def read_input(file_path):\n",
    "    with open(file_path) as json_data:\n",
    "        d = json.load(json_data)\n",
    "\n",
    "    return d['positions'], d['rotations'], d['parents'], d['foot_contact']\n",
    "\n",
    "def init_blend():\n",
    "    for i in range(22):\n",
    "        create_object((0,0,0), f\"joint.{i}\")\n",
    "\n",
    "def main(file_path):\n",
    "    # reading all data\n",
    "    init_blend()\n",
    "    all_orig_positions, all_orig_rotations, parents, all_foot_contact = read_input(file_path)\n",
    "    all_orig_positions = np.array(all_orig_positions)\n",
    "    all_orig_rotations = np.array(all_orig_rotations)\n",
    "    new_joints = 10\n",
    "    all_new_positions = np.array((all_orig_positions.shape[0], all_orig_positions.shape[1], new_joints, 3))\n",
    "    all_new_rotations = np.array((all_orig_rotations.shape[0], all_orig_rotations.shape[1], new_joints, 3))\n",
    "    print(f'original positions shape: {all_orig_positions.shape}')\n",
    "\n",
    "    all_new_positions, all_new_rotations = conv_rig(all_orig_positions, all_orig_rotations, parents)\n",
    "    #print(f\"all pos: {all_new_positions}\\nall rot: {all_new_rotations}\")\n",
    "    for sequence in range(all_orig_positions.shape[0]):\n",
    "        if sequence != 0:\n",
    "            continue\n",
    "        for frame in range(all_orig_positions.shape[1]):\n",
    "            for joint in range(all_orig_positions.shape[2]):\n",
    "                x = bpy.data.objects[f\"joint.{joint}\"]\n",
    "                x.location = all_new_positions[sequence, frame, joint]\n",
    "                bpy.context.view_layer.update()\n",
    "                rotate_about_world_origin(x, (pi/2,0,0))\n",
    "                bpy.context.view_layer.update()\n",
    "                x.keyframe_insert(data_path=\"location\", frame=frame)\n",
    "        return\n",
    "\n",
    "def conv_rig(positions, rotations, parents):\n",
    "    # takes in original positions and rotations and returns the new representation of positions and rotations\n",
    "    global_rot, global_pos = fk(rotations, positions, parents)\n",
    "    print(f\"all pos {global_pos.shape}: {global_pos}\\nall rot {global_rot.shape}: {global_rot}\")\n",
    "    return global_pos, global_rot\n",
    "\n",
    "    \n",
    "def fk(lrot, lpos, parents):\n",
    "    \"\"\"\n",
    "    Calculate forward kinematics.\n",
    "\n",
    "    Args:\n",
    "        lrot (Tensor): Local rotation of joints. Shape: (..., joints, 3, 3)\n",
    "        lpos (Tensor): Local position of joints. Shape: (..., joints, 3)\n",
    "        parents (list of int or 1D int Tensor): Parent indices.\n",
    "\n",
    "    Returns:\n",
    "        Tensor, Tensor: (global rotation, global position).\n",
    "            Shape: (..., joints, 3, 3), (..., joints, 3)\n",
    "    \"\"\"\n",
    "    gr = [lrot[..., :1, :, :]]\n",
    "    gp = [lpos[..., :1, :]]\n",
    "\n",
    "    print(f'{gr[0].shape}, {gp[0].shape}')\n",
    "\n",
    "    for i in range(1, len(parents)):\n",
    "        gr_parent = gr[parents[i]]\n",
    "        gp_parent = gp[parents[i]]\n",
    "\n",
    "        gr_i = np.matmul(gr_parent, lrot[..., i:i + 1, :, :])\n",
    "        gp_i = gp_parent + \\\n",
    "            np.matmul(gr_parent, lpos[..., i:i + 1, :, None]).squeeze(-1)\n",
    "\n",
    "        gr.append(gr_i)\n",
    "        gp.append(gp_i)\n",
    "\n",
    "    return np.concatenate(gr, axis=-3), np.concatenate(gp, axis=-2)\n",
    "\n",
    "\n",
    "#create_object((1,0,0), 'test')\n",
    "main(\"C:\\\\Users\\\\eggyr\\\\OneDrive\\\\RPI\\\\S10\\\\Projects in ML\\\\final\\\\lafan1_detail_model_benchmark_5_0-2231.json\")\n"
   ]
  },
  {
   "cell_type": "code",
   "execution_count": null,
   "metadata": {},
   "outputs": [],
   "source": [
    "def rotate_point(point, axis, angle, pivot):\n",
    "    # Convert angle from degrees to radians\n",
    "    angle_rad = np.radians(angle)\n",
    "    \n",
    "    # Create a rotation object using the axis and angle\n",
    "    rotation = R.from_rotvec(angle_rad * np.array(axis))\n",
    "    \n",
    "    # Get the rotation matrix\n",
    "    rot_matrix = rotation.as_matrix()\n",
    "    \n",
    "    # Translate point to origin by subtracting pivot\n",
    "    point_translated = np.array(point) - np.array(pivot)\n",
    "    \n",
    "    # Apply rotation\n",
    "    rotated_point_translated = np.dot(rot_matrix, point_translated)\n",
    "    \n",
    "    # Translate back to the original location\n",
    "    final_point = rotated_point_translated + np.array(pivot)\n",
    "    \n",
    "    return final_point\n",
    "\n",
    "# Example usage\n",
    "point = [1, 0, 0]  # Point to be rotated\n",
    "axis = [0, 0, 1]   # Axis of rotation (z-axis)\n",
    "angle = 90         # Rotation angle in degrees\n",
    "pivot = [0, 0, 0]  # Pivot point for rotation\n",
    "\n",
    "rotated_point = rotate_point(point, axis, angle, pivot)\n",
    "print(\"Rotated Point:\", rotated_point)\n"
   ]
  },
  {
   "cell_type": "code",
   "execution_count": 29,
   "metadata": {},
   "outputs": [
    {
     "name": "stdout",
     "output_type": "stream",
     "text": [
      "original positions shape: (2232, 17, 22, 3)\n",
      "torch.Size([2232, 17, 1, 3, 3]), torch.Size([2232, 17, 1, 3])\n",
      "all pos (2232, 17, 22, 3): [[[[-1.56081840e-01  9.24606934e+01  1.56027332e-01]\n",
      "   [ 1.73440897e+00  9.25397711e+01 -1.03868818e+01]\n",
      "   [ 1.15063179e+00  4.90653653e+01 -1.17601906e+01]\n",
      "   ...\n",
      "   [ 4.62432365e-01  1.44632054e+02  1.77451277e+01]\n",
      "   [-3.39220474e+00  1.46821267e+02  5.04461180e+01]\n",
      "   [-9.98379223e-01  1.51668342e+02  7.50592152e+01]]\n",
      "\n",
      "  [[-1.35523871e-01  9.24608765e+01  1.43355191e-01]\n",
      "   [ 1.75496222e+00  9.25401472e+01 -1.03995533e+01]\n",
      "   [ 1.15269652e+00  4.90659966e+01 -1.17729023e+01]\n",
      "   ...\n",
      "   [ 4.72152305e-01  1.44631520e+02  1.77328894e+01]\n",
      "   [-3.37852520e+00  1.46810728e+02  5.04350143e+01]\n",
      "   [-9.66868797e-01  1.51656002e+02  7.50467249e+01]]\n",
      "\n",
      "  [[-1.04587667e-01  9.24597321e+01  1.25545427e-01]\n",
      "   [ 1.78585797e+00  9.25394226e+01 -1.04173671e+01]\n",
      "   [ 1.15801415e+00  4.90655593e+01 -1.17884063e+01]\n",
      "   ...\n",
      "   [ 4.85513976e-01  1.44629168e+02  1.77156250e+01]\n",
      "   [-3.36258734e+00  1.46794275e+02  5.04189897e+01]\n",
      "   [-9.26500357e-01  1.51630620e+02  7.50300506e+01]]\n",
      "\n",
      "  ...\n",
      "\n",
      "  [[-3.33786011e-03  9.23553391e+01 -2.38171816e-02]\n",
      "   [ 1.85712978e+00  9.24290827e+01 -1.05721047e+01]\n",
      "   [ 1.10827407e+00  4.89545221e+01 -1.18574369e+01]\n",
      "   ...\n",
      "   [ 6.83743627e-01  1.44426024e+02  1.76488817e+01]\n",
      "   [-3.04173490e+00  1.46346986e+02  5.03816970e+01]\n",
      "   [ 1.68746395e-01  1.51162247e+02  7.49079216e+01]]\n",
      "\n",
      "  [[-8.60811397e-02  9.24609833e+01 -9.80356634e-02]\n",
      "   [ 1.77062634e+00  9.25547380e+01 -1.06468262e+01]\n",
      "   [ 1.07091074e+00  4.90789531e+01 -1.19185337e+01]\n",
      "   ...\n",
      "   [ 5.50561577e-01  1.44507681e+02  1.76768031e+01]\n",
      "   [-3.02012108e+00  1.46363002e+02  5.04306391e+01]\n",
      "   [-3.69228084e-01  1.50965516e+02  7.50643320e+01]]\n",
      "\n",
      "  [[-9.81728882e-02  9.24611130e+01 -1.01820223e-01]\n",
      "   [ 1.75495905e+00  9.25560003e+01 -1.06512294e+01]\n",
      "   [ 1.06584394e+00  4.90799794e+01 -1.19205628e+01]\n",
      "   ...\n",
      "   [ 5.56106315e-01  1.44506837e+02  1.76839323e+01]\n",
      "   [-2.94620274e+00  1.46377326e+02  5.04442867e+01]\n",
      "   [-2.93631327e-01  1.50971445e+02  7.50793649e+01]]]\n",
      "\n",
      "\n",
      " [[[-9.22381341e-01  9.23854828e+01 -1.02920020e+00]\n",
      "   [ 8.05159523e-01  9.24776936e+01 -1.15999262e+01]\n",
      "   [ 3.58008030e-02  4.90077309e+01 -1.30215693e+01]\n",
      "   ...\n",
      "   [-3.49181912e-02  1.44304871e+02  1.69174737e+01]\n",
      "   [-3.27335294e+00  1.45460075e+02  4.97379519e+01]\n",
      "   [ 1.58548838e-01  1.49826197e+02  7.43181909e+01]]\n",
      "\n",
      "  [[-8.62572849e-01  9.23669434e+01 -9.68915820e-01]\n",
      "   [ 8.83144061e-01  9.24567709e+01 -1.15366759e+01]\n",
      "   [ 1.18151397e-01  4.89879435e+01 -1.29949377e+01]\n",
      "   ...\n",
      "   [ 2.11082238e-02  1.44280444e+02  1.69843325e+01]\n",
      "   [-3.25972511e+00  1.45391365e+02  4.98021302e+01]\n",
      "   [ 1.41119057e-01  1.49739285e+02  7.43899130e+01]]\n",
      "\n",
      "  [[-7.95771599e-01  9.23427124e+01 -8.99280488e-01]\n",
      "   [ 9.73663724e-01  9.24317755e+01 -1.14631016e+01]\n",
      "   [ 2.10013557e-01  4.89643370e+01 -1.29628963e+01]\n",
      "   ...\n",
      "   [ 7.95368051e-02  1.44250980e+02  1.70641402e+01]\n",
      "   [-3.25333217e+00  1.45334673e+02  4.98776045e+01]\n",
      "   [ 1.03300725e-01  1.49674767e+02  7.44728439e+01]]\n",
      "\n",
      "  ...\n",
      "\n",
      "  [[ 5.71376801e-01  9.20897522e+01  8.20457220e-01]\n",
      "   [ 2.21226881e+00  9.21579972e+01 -9.76424800e+00]\n",
      "   [ 1.30231546e+00  4.87195270e+01 -1.18907472e+01]\n",
      "   ...\n",
      "   [ 1.65256421e+00  1.43131052e+02  1.91521245e+01]\n",
      "   [-4.05653011e+00  1.40191090e+02  5.15213837e+01]\n",
      "   [ 1.42099852e+00  1.43379608e+02  7.59111222e+01]]\n",
      "\n",
      "  [[ 6.33400023e-01  9.22049713e+01  8.57807696e-01]\n",
      "   [ 2.18893820e+00  9.23079102e+01 -9.73949580e+00]\n",
      "   [ 1.32030073e+00  4.88671558e+01 -1.18363847e+01]\n",
      "   ...\n",
      "   [ 1.66014404e+00  1.42882340e+02  1.94721725e+01]\n",
      "   [-4.33320318e+00  1.38321081e+02  5.16012933e+01]\n",
      "   [ 2.06130095e+00  1.40943252e+02  7.58348173e+01]]\n",
      "\n",
      "  [[ 7.65374124e-01  9.21868973e+01  9.25402224e-01]\n",
      "   [ 2.23496570e+00  9.23132579e+01 -9.68390827e+00]\n",
      "   [ 1.37889952e+00  4.88731659e+01 -1.17995879e+01]\n",
      "   ...\n",
      "   [ 1.78768496e+00  1.42505307e+02  1.97424810e+01]\n",
      "   [-4.32347865e+00  1.36152862e+02  5.15435143e+01]\n",
      "   [ 3.18817387e+00  1.37847831e+02  7.55379144e+01]]]\n",
      "\n",
      "\n",
      " [[[-2.09375668e+01  8.58847733e+01  3.96868181e+00]\n",
      "   [-1.85604790e+01  8.56752114e+01 -6.47347664e+00]\n",
      "   [ 8.26754395e+00  5.15499811e+01 -9.29773569e+00]\n",
      "   ...\n",
      "   [-1.56797497e+01  1.32084573e+02  2.26181526e+01]\n",
      "   [-2.32319416e+01  1.01922788e+02  3.36742253e+01]\n",
      "   [-1.83694095e+01  7.90178188e+01  4.29880481e+01]]\n",
      "\n",
      "  [[-1.89064407e+01  8.52846985e+01  3.68628788e+00]\n",
      "   [-1.64790687e+01  8.50291150e+01 -6.74327002e+00]\n",
      "   [ 1.07957527e+01  5.12783949e+01 -9.78030512e+00]\n",
      "   ...\n",
      "   [-1.27029232e+01  1.31560437e+02  2.20456626e+01]\n",
      "   [-2.00365399e+01  1.01677458e+02  3.39717390e+01]\n",
      "   [-1.45407642e+01  7.89830773e+01  4.34475333e+01]]\n",
      "\n",
      "  [[-1.67528152e+01  8.46358566e+01  3.33632469e+00]\n",
      "   [-1.42580360e+01  8.43292694e+01 -7.07593810e+00]\n",
      "   [ 1.34038814e+01  5.09063209e+01 -1.02343260e+01]\n",
      "   ...\n",
      "   [-9.43950463e+00  1.30961651e+02  2.12997445e+01]\n",
      "   [-1.66031539e+01  1.01348007e+02  3.39772831e+01]\n",
      "   [-1.05851408e+01  7.88473464e+01  4.35966912e+01]]\n",
      "\n",
      "  ...\n",
      "\n",
      "  [[ 1.35965128e+01  8.39623337e+01  2.79870272e-01]\n",
      "   [ 1.37498107e+01  8.42163102e+01 -1.04273768e+01]\n",
      "   [ 3.96980805e+01  4.96388952e+01 -1.52585662e+01]\n",
      "   ...\n",
      "   [ 3.85082085e+01  1.27871888e+02  1.08869549e+01]\n",
      "   [ 3.08946147e+01  1.01325758e+02  2.89518889e+01]\n",
      "   [ 3.73589867e+01  7.78212605e+01  3.53377826e+01]]\n",
      "\n",
      "  [[ 1.66558113e+01  8.41869583e+01  6.78332806e-01]\n",
      "   [ 1.62810815e+01  8.45192147e+01 -1.00213085e+01]\n",
      "   [ 4.13069770e+01  4.94170848e+01 -1.58347238e+01]\n",
      "   ...\n",
      "   [ 4.19351923e+01  1.28014794e+02  1.07576180e+01]\n",
      "   [ 3.55859427e+01  1.01026759e+02  2.86556297e+01]\n",
      "   [ 4.27774151e+01  7.76030667e+01  3.45414212e+01]]\n",
      "\n",
      "  [[ 1.98401127e+01  8.41763229e+01  1.15906501e+00]\n",
      "   [ 1.89325622e+01  8.46164672e+01 -9.50469411e+00]\n",
      "   [ 4.29578287e+01  4.90231611e+01 -1.64439920e+01]\n",
      "   ...\n",
      "   [ 4.52763875e+01  1.28010505e+02  1.06705341e+01]\n",
      "   [ 4.05619228e+01  1.00517706e+02  2.83036174e+01]\n",
      "   [ 4.82800917e+01  7.71514964e+01  3.37331014e+01]]]\n",
      "\n",
      "\n",
      " ...\n",
      "\n",
      "\n",
      " [[[-4.08033791e+01  7.22718735e+01  5.46231842e+00]\n",
      "   [-3.68442207e+01  7.21259742e+01 -4.48940052e+00]\n",
      "   [ 8.30147048e-02  4.91793452e+01 -3.04662380e+00]\n",
      "   ...\n",
      "   [-1.03307364e+01  1.01384073e+02  2.80389005e+01]\n",
      "   [-3.28643126e+01  7.93975612e+01  3.79302015e+01]\n",
      "   [-1.13682603e+01  6.91782862e+01  2.96528424e+01]]\n",
      "\n",
      "  [[-3.68997345e+01  7.28315506e+01  4.91724300e+00]\n",
      "   [-3.31017772e+01  7.27408993e+01 -5.09775754e+00]\n",
      "   [ 3.00390328e+00  4.85480474e+01 -3.27138587e+00]\n",
      "   ...\n",
      "   [-5.83713840e+00  1.01859221e+02  2.69165228e+01]\n",
      "   [-2.80215781e+01  7.98934188e+01  3.76104813e+01]\n",
      "   [-6.93048854e+00  6.96586733e+01  2.83668692e+01]]\n",
      "\n",
      "  [[-3.24419212e+01  7.36439590e+01  4.27353764e+00]\n",
      "   [-2.88631880e+01  7.35367987e+01 -5.82171453e+00]\n",
      "   [ 6.01869127e+00  4.76365083e+01 -3.65850094e+00]\n",
      "   ...\n",
      "   [-9.06200081e-01  1.02608169e+02  2.55514845e+01]\n",
      "   [-2.25868888e+01  8.04422322e+01  3.68486313e+01]\n",
      "   [-1.72074940e+00  7.04830066e+01  2.68263305e+01]]\n",
      "\n",
      "  ...\n",
      "\n",
      "  [[ 2.72964001e+01  6.75352707e+01 -2.64635897e+00]\n",
      "   [ 2.75355892e+01  6.81043036e+01 -1.33399044e+01]\n",
      "   [ 3.38453489e+01  2.50647118e+01 -1.35140291e+01]\n",
      "   ...\n",
      "   [ 5.62725157e+01  9.79816661e+01  1.61818029e+01]\n",
      "   [ 3.54524541e+01  7.64387464e+01  3.00177760e+01]\n",
      "   [ 5.70258167e+01  6.61628780e+01  2.20162041e+01]]\n",
      "\n",
      "  [[ 3.25774231e+01  6.65936966e+01 -3.26171112e+00]\n",
      "   [ 3.25005591e+01  6.71880268e+01 -1.39562798e+01]\n",
      "   [ 3.50059175e+01  2.37602498e+01 -1.39921383e+01]\n",
      "   ...\n",
      "   [ 6.16665964e+01  9.69316571e+01  1.54043241e+01]\n",
      "   [ 4.09019054e+01  7.59049619e+01  3.00914678e+01]\n",
      "   [ 6.20481682e+01  6.54038424e+01  2.12829206e+01]]\n",
      "\n",
      "  [[ 3.77256508e+01  6.63863068e+01 -3.64062977e+00]\n",
      "   [ 3.75033272e+01  6.68523594e+01 -1.43395224e+01]\n",
      "   [ 3.57261677e+01  2.33932721e+01 -1.37074766e+01]\n",
      "   ...\n",
      "   [ 6.69825427e+01  9.65439644e+01  1.48841351e+01]\n",
      "   [ 4.63311968e+01  7.57386083e+01  3.00388561e+01]\n",
      "   [ 6.71264122e+01  6.50239883e+01  2.06695194e+01]]]\n",
      "\n",
      "\n",
      " [[[-5.10573120e+01  7.14340363e+01 -2.74249268e+00]\n",
      "   [-4.82984342e+01  7.22771278e+01 -1.30580507e+01]\n",
      "   [-1.53577685e+01  4.40587584e+01 -9.75860539e+00]\n",
      "   ...\n",
      "   [-2.50166418e+01  1.04654106e+02  1.93527404e+01]\n",
      "   [-4.36721185e+01  8.04031302e+01  3.17167984e+01]\n",
      "   [-2.18503205e+01  7.26750043e+01  2.17612113e+01]]\n",
      "\n",
      "  [[-4.54021225e+01  7.20042419e+01 -2.49608421e+00]\n",
      "   [-4.27633911e+01  7.28639560e+01 -1.28416597e+01]\n",
      "   [-1.19418001e+01  4.23315962e+01 -9.67075068e+00]\n",
      "   ...\n",
      "   [-1.96740362e+01  1.05145974e+02  1.96982266e+01]\n",
      "   [-3.85423107e+01  8.08894791e+01  3.17239230e+01]\n",
      "   [-1.67071179e+01  7.28852672e+01  2.20190043e+01]]\n",
      "\n",
      "  [[-3.97335052e+01  7.25859299e+01 -2.21525097e+00]\n",
      "   [-3.72321517e+01  7.34218064e+01 -1.25968442e+01]\n",
      "   [-8.95203481e+00  4.05082214e+01 -9.56683167e+00]\n",
      "   ...\n",
      "   [-1.44446969e+01  1.05724665e+02  1.99662033e+01]\n",
      "   [-3.35306599e+01  8.15352322e+01  3.17816122e+01]\n",
      "   [-1.17574641e+01  7.29811405e+01  2.24123000e+01]]\n",
      "\n",
      "  ...\n",
      "\n",
      "  [[ 2.56108761e+01  7.91045837e+01  2.06783128e+00]\n",
      "   [ 2.74820841e+01  7.96364302e+01 -8.46538553e+00]\n",
      "   [ 3.99129622e+01  3.80599749e+01 -1.14855825e+01]\n",
      "   ...\n",
      "   [ 4.56270594e+01  1.16692432e+02  2.29060888e+01]\n",
      "   [ 2.45443995e+01  9.42442569e+01  3.47638835e+01]\n",
      "   [ 4.01702706e+01  7.47188867e+01  3.16622033e+01]]\n",
      "\n",
      "  [[ 2.98941689e+01  7.99915085e+01  2.29886246e+00]\n",
      "   [ 3.18003425e+01  8.05575807e+01 -8.22629836e+00]\n",
      "   [ 4.90046859e+01  4.07479628e+01 -1.16108137e+01]\n",
      "   ...\n",
      "   [ 5.02834658e+01  1.17585033e+02  2.28877272e+01]\n",
      "   [ 3.01246134e+01  9.46541958e+01  3.54098665e+01]\n",
      "   [ 4.66223885e+01  7.59383642e+01  3.18644995e+01]]\n",
      "\n",
      "  [[ 3.41285286e+01  8.07999802e+01  2.69362545e+00]\n",
      "   [ 3.60097328e+01  8.13259780e+01 -7.83810452e+00]\n",
      "   [ 5.76417665e+01  4.37594352e+01 -1.14519839e+01]\n",
      "   ...\n",
      "   [ 5.48597073e+01  1.18656449e+02  2.26408385e+01]\n",
      "   [ 3.58561975e+01  9.50262787e+01  3.56596028e+01]\n",
      "   [ 5.30201125e+01  7.70112286e+01  3.16738214e+01]]]\n",
      "\n",
      "\n",
      " [[[ 1.14553127e+01  8.90310211e+01 -1.65645981e+01]\n",
      "   [ 1.90707468e+01  8.97574944e+01 -2.40619520e+01]\n",
      "   [ 2.86735252e+01  4.76158946e+01 -1.91505112e+01]\n",
      "   ...\n",
      "   [ 4.98170362e+00  1.38261104e+02  6.69629611e-01]\n",
      "   [-1.32693657e+01  1.11035681e+02  4.50125086e+00]\n",
      "   [-1.09758751e+01  8.65949222e+01  1.01949007e+01]]\n",
      "\n",
      "  [[ 9.71680450e+00  8.92051315e+01 -1.40035801e+01]\n",
      "   [ 1.67524926e+01  8.96458902e+01 -2.20681786e+01]\n",
      "   [ 2.81467933e+01  4.77902446e+01 -1.88239642e+01]\n",
      "   ...\n",
      "   [ 5.20233006e+00  1.38441845e+02  3.31900704e+00]\n",
      "   [-1.21574833e+01  1.11053711e+02  9.44546887e+00]\n",
      "   [-9.42469159e+00  8.66085370e+01  1.49221380e+01]]\n",
      "\n",
      "  [[ 8.06521797e+00  8.93243637e+01 -1.14213095e+01]\n",
      "   [ 1.45699761e+01  8.94628485e+01 -1.99302382e+01]\n",
      "   [ 2.74999242e+01  4.79652228e+01 -1.81942939e+01]\n",
      "   ...\n",
      "   [ 5.39587316e+00  1.38578039e+02  5.71964353e+00]\n",
      "   [-1.08862768e+01  1.11122960e+02  1.40932185e+01]\n",
      "   [-7.63270457e+00  8.67797049e+01  1.97366810e+01]]\n",
      "\n",
      "  ...\n",
      "\n",
      "  [[-1.66815186e+00  9.06330185e+01  4.20051575e+00]\n",
      "   [-2.51622868e+00  9.08056477e+01 -6.47580641e+00]\n",
      "   [ 4.29116475e+00  4.80920029e+01 -1.11076167e+01]\n",
      "   ...\n",
      "   [ 6.55609624e+00  1.40016851e+02  2.03023208e+01]\n",
      "   [ 4.02335840e+00  1.14961230e+02  4.16285281e+01]\n",
      "   [ 1.95118381e+01  9.89460968e+01  5.34035366e+01]]\n",
      "\n",
      "  [[-1.65858829e+00  9.08222733e+01  4.38289547e+00]\n",
      "   [-2.94554003e+00  9.10685350e+01 -6.24800453e+00]\n",
      "   [ 1.75723561e+00  4.80370544e+01 -1.05405123e+01]\n",
      "   ...\n",
      "   [ 6.88369139e+00  1.40258940e+02  2.04763885e+01]\n",
      "   [ 5.27869206e+00  1.15443427e+02  4.21701842e+01]\n",
      "   [ 2.18593605e+01  1.00301625e+02  5.36085287e+01]]\n",
      "\n",
      "  [[-1.75940871e+00  9.11493835e+01  4.46606874e+00]\n",
      "   [-3.46493895e+00  9.15244792e+01 -6.10196800e+00]\n",
      "   [-1.02167102e-01  4.83329707e+01 -1.00307596e+01]\n",
      "   ...\n",
      "   [ 7.06601358e+00  1.40628762e+02  2.06013098e+01]\n",
      "   [ 6.54326542e+00  1.15992356e+02  4.25508150e+01]\n",
      "   [ 2.39705987e+01  1.01617402e+02  5.37167102e+01]]]]\n",
      "all rot (2232, 17, 22, 3, 3): [[[[[ 2.61309631e-02  9.99654293e-01  2.90047261e-03]\n",
      "    [ 9.99655724e-01 -2.61376612e-02  2.29556998e-03]\n",
      "    [ 2.37058802e-03  2.83948891e-03 -9.99993145e-01]]\n",
      "\n",
      "   [[-1.34195443e-02  9.99217259e-01 -3.72116087e-02]\n",
      "    [-9.99411464e-01 -1.45785538e-02 -3.10520581e-02]\n",
      "    [-3.15702442e-02  3.67730047e-02  9.98824818e-01]]\n",
      "\n",
      "   [[-1.88655576e-01  9.81962576e-01 -1.25892638e-02]\n",
      "    [-9.81781348e-01 -1.88885871e-01 -2.06786306e-02]\n",
      "    [-2.26835769e-02  8.45876556e-03  9.99706878e-01]]\n",
      "\n",
      "   ...\n",
      "\n",
      "   [[-1.16806453e-01 -9.87232596e-01 -1.08295699e-01]\n",
      "    [ 6.63398806e-02  1.01042779e-01 -9.92667830e-01]\n",
      "    [ 9.90936498e-01 -1.23134302e-01  5.36904366e-02]]\n",
      "\n",
      "   [[ 9.50020871e-02 -9.89844588e-01 -1.05746126e-01]\n",
      "    [ 1.92362038e-01  1.22478416e-01 -9.73650814e-01]\n",
      "    [ 9.76714555e-01  7.21573312e-02  2.02044198e-01]]\n",
      "\n",
      "   [[-6.59052296e-02 -9.70087025e-01 -2.33640009e-01]\n",
      "    [ 2.09806974e-01  2.15442332e-01 -9.53711510e-01]\n",
      "    [ 9.75519030e-01 -1.11873856e-01  1.89332217e-01]]]\n",
      "\n",
      "\n",
      "  [[[ 2.60245707e-02  9.99657035e-01  2.90058530e-03]\n",
      "    [ 9.99658465e-01 -2.60312688e-02  2.29509664e-03]\n",
      "    [ 2.36981548e-03  2.83986586e-03 -9.99993145e-01]]\n",
      "\n",
      "   [[-1.38445675e-02  9.99211008e-01 -3.72239483e-02]\n",
      "    [-9.99405597e-01 -1.50035042e-02 -3.10371648e-02]\n",
      "    [-3.15711671e-02  3.67721268e-02  9.98824825e-01]]\n",
      "\n",
      "   [[-1.88693095e-01  9.81955552e-01 -1.25759314e-02]\n",
      "    [-9.81777413e-01 -1.88921830e-01 -2.05327524e-02]\n",
      "    [-2.25381171e-02  8.47237655e-03  9.99710093e-01]]\n",
      "\n",
      "   ...\n",
      "\n",
      "   [[-1.16686465e-01 -9.87217552e-01 -1.08562526e-01]\n",
      "    [ 6.60367190e-02  1.01355255e-01 -9.92656137e-01]\n",
      "    [ 9.90970880e-01 -1.22998645e-01  5.33658150e-02]]\n",
      "\n",
      "   [[ 9.57096698e-02 -9.89762126e-01 -1.05880065e-01]\n",
      "    [ 1.92290544e-01  1.22748862e-01 -9.73630827e-01]\n",
      "    [ 9.76659526e-01  7.28261326e-02  2.02070130e-01]]\n",
      "\n",
      "   [[-6.69368425e-02 -9.70466143e-01 -2.31764841e-01]\n",
      "    [ 2.08363315e-01  2.13568109e-01 -9.54449200e-01]\n",
      "    [ 9.75758182e-01 -1.12179125e-01  1.87913936e-01]]]\n",
      "\n",
      "\n",
      "  [[[ 2.57954225e-02  9.99662995e-01  2.89794779e-03]\n",
      "    [ 9.99664426e-01 -2.58021094e-02  2.29448150e-03]\n",
      "    [ 2.36848160e-03  2.83778855e-03 -9.99993145e-01]]\n",
      "\n",
      "   [[-1.44325703e-02  9.99201001e-01 -3.72691169e-02]\n",
      "    [-9.99398992e-01 -1.55902689e-02 -3.09617708e-02]\n",
      "    [-3.15180697e-02  3.67998608e-02  9.98825503e-01]]\n",
      "\n",
      "   [[-1.88778617e-01  9.81939013e-01 -1.25853318e-02]\n",
      "    [-9.81766721e-01 -1.89005376e-01 -2.02764428e-02]\n",
      "    [-2.22889282e-02  8.52810361e-03  9.99715170e-01]]\n",
      "\n",
      "   ...\n",
      "\n",
      "   [[-1.16608399e-01 -9.87167386e-01 -1.09100733e-01]\n",
      "    [ 6.56093752e-02  1.01953642e-01 -9.92623200e-01]\n",
      "    [ 9.91008452e-01 -1.22906226e-01  5.28787792e-02]]\n",
      "\n",
      "   [[ 9.66791508e-02 -9.89627821e-01 -1.06253658e-01]\n",
      "    [ 1.91936237e-01  1.23287025e-01 -9.73632732e-01]\n",
      "    [ 9.76633740e-01  7.37360584e-02  2.01864728e-01]]\n",
      "\n",
      "   [[-6.66150676e-02 -9.70542857e-01 -2.31536108e-01]\n",
      "    [ 2.07434410e-01  2.13510441e-01 -9.54664404e-01]\n",
      "    [ 9.75978078e-01 -1.11623584e-01  1.87100969e-01]]]\n",
      "\n",
      "\n",
      "  ...\n",
      "\n",
      "\n",
      "  [[[ 2.63916180e-02  9.99651730e-01  5.21646507e-05]\n",
      "    [ 9.99649942e-01 -2.63916720e-02  1.83468696e-03]\n",
      "    [ 1.83542457e-03  3.72603131e-06 -9.99998331e-01]]\n",
      "\n",
      "   [[-1.72144521e-02  9.99196178e-01 -3.62046049e-02]\n",
      "    [-9.99415023e-01 -1.82657376e-02 -2.89097284e-02]\n",
      "    [-2.95477937e-02  3.56857631e-02  9.98926099e-01]]\n",
      "\n",
      "   [[-1.91035150e-01  9.81432279e-01 -1.72132302e-02]\n",
      "    [-9.81411575e-01 -1.91300186e-01 -1.53417967e-02]\n",
      "    [-1.83498300e-02  1.39624423e-02  9.99734036e-01]]\n",
      "\n",
      "   ...\n",
      "\n",
      "   [[-1.12892566e-01 -9.87636526e-01 -1.08764548e-01]\n",
      "    [ 5.82110753e-02  1.02702162e-01 -9.93007600e-01]\n",
      "    [ 9.91900890e-01 -1.18434446e-01  4.58970743e-02]]\n",
      "\n",
      "   [[ 1.27409273e-01 -9.86466052e-01 -1.03208731e-01]\n",
      "    [ 1.91099528e-01  1.26521746e-01 -9.73382647e-01]\n",
      "    [ 9.73266946e-01  1.04294845e-01  2.04633233e-01]]\n",
      "\n",
      "   [[-1.24757641e-02 -9.71698620e-01 -2.35895172e-01]\n",
      "    [ 2.53894443e-01  2.25103506e-01 -9.40673453e-01]\n",
      "    [ 9.67151857e-01 -7.16280482e-02  2.43900530e-01]]]\n",
      "\n",
      "\n",
      "  [[[ 2.53390651e-02  9.99678850e-01 -2.98752449e-04]\n",
      "    [ 9.99672651e-01 -2.53378469e-02  3.54592013e-03]\n",
      "    [ 3.53721180e-03 -3.88504472e-04 -9.99993622e-01]]\n",
      "\n",
      "   [[-1.60847945e-02  9.99337046e-01 -3.26598257e-02]\n",
      "    [-9.99443168e-01 -1.70243796e-02 -2.86975965e-02]\n",
      "    [-2.92345849e-02  3.21800454e-02  9.99054420e-01]]\n",
      "\n",
      "   [[-1.86747087e-01  9.82348322e-01 -1.08289237e-02]\n",
      "    [-9.82225256e-01 -1.86913638e-01 -1.72311226e-02]\n",
      "    [-1.89510381e-02  7.41858214e-03  9.99792891e-01]]\n",
      "\n",
      "   ...\n",
      "\n",
      "   [[-1.08201796e-01 -9.88565891e-01 -1.05022637e-01]\n",
      "    [ 5.62219680e-02  9.93887923e-02 -9.93459106e-01]\n",
      "    [ 9.92537875e-01 -1.13398647e-01  4.48250761e-02]]\n",
      "\n",
      "   [[ 1.05203177e-01 -9.89318090e-01 -1.00905357e-01]\n",
      "    [ 1.82657210e-01  1.18965738e-01 -9.75952643e-01]\n",
      "    [ 9.77531927e-01  8.42422280e-02  1.93221658e-01]]\n",
      "\n",
      "   [[-3.74807218e-02 -9.70854294e-01 -2.36721299e-01]\n",
      "    [ 2.38912623e-01  2.21312089e-01 -9.45484955e-01]\n",
      "    [ 9.70317464e-01 -9.19931794e-02  2.23654422e-01]]]\n",
      "\n",
      "\n",
      "  [[[ 2.52532847e-02  9.99680817e-01 -6.37219287e-04]\n",
      "    [ 9.99674499e-01 -2.52508055e-02  3.63793876e-03]\n",
      "    [ 3.62068717e-03 -7.28881918e-04 -9.99993145e-01]]\n",
      "\n",
      "   [[-1.58411051e-02  9.99320242e-01 -3.32868257e-02]\n",
      "    [-9.99448592e-01 -1.67971355e-02 -2.86403507e-02]\n",
      "    [-2.91800061e-02  3.28147764e-02  9.99035332e-01]]\n",
      "\n",
      "   [[-1.86625575e-01  9.82368606e-01 -1.10772837e-02]\n",
      "    [-9.82249003e-01 -1.86796186e-01 -1.71463481e-02]\n",
      "    [-1.89132294e-02  7.68070258e-03  9.99791555e-01]]\n",
      "\n",
      "   ...\n",
      "\n",
      "   [[-1.06129874e-01 -9.88745758e-01 -1.05442910e-01]\n",
      "    [ 5.66816147e-02  9.98537271e-02 -9.93386278e-01]\n",
      "    [ 9.92735403e-01 -1.11404629e-01  4.54462467e-02]]\n",
      "\n",
      "   [[ 1.05269790e-01 -9.89260147e-01 -1.01403253e-01]\n",
      "    [ 1.82324070e-01  1.19441213e-01 -9.75956775e-01]\n",
      "    [ 9.77586904e-01  8.42505153e-02  1.92939483e-01]]\n",
      "\n",
      "   [[-3.84405275e-02 -9.69766497e-01 -2.40987977e-01]\n",
      "    [ 2.38343143e-01  2.25307443e-01 -9.44684589e-01]\n",
      "    [ 9.70419891e-01 -9.37520140e-02  2.22476263e-01]]]]\n",
      "\n",
      "\n",
      "\n",
      " [[[[ 2.65334435e-02  9.99569297e-01 -1.25361914e-02]\n",
      "    [ 9.99642551e-01 -2.64902022e-02  3.60280694e-03]\n",
      "    [ 3.26916901e-03 -1.26273055e-02 -9.99914944e-01]]\n",
      "\n",
      "   [[-1.76857842e-02  9.99782994e-01 -1.10088714e-02]\n",
      "    [-9.99309326e-01 -1.80351592e-02 -3.24898956e-02]\n",
      "    [-3.26813931e-02  1.04266591e-02  9.99411419e-01]]\n",
      "\n",
      "   [[-1.94084050e-01  9.80968864e-01  5.61574122e-03]\n",
      "    [-9.80791806e-01 -1.93929089e-01 -2.09507031e-02]\n",
      "    [-1.94629328e-02 -9.57406900e-03  9.99764751e-01]]\n",
      "\n",
      "   ...\n",
      "\n",
      "   [[-9.81337052e-02 -9.90246952e-01 -9.88970895e-02]\n",
      "    [ 3.50063416e-02  9.58803709e-02 -9.94777106e-01]\n",
      "    [ 9.94557332e-01 -1.01083182e-01  2.52558225e-02]]\n",
      "\n",
      "   [[ 1.36195637e-01 -9.86632306e-01 -8.94839086e-02]\n",
      "    [ 1.73276581e-01  1.12657303e-01 -9.78408695e-01]\n",
      "    [ 9.75410627e-01  1.17749535e-01  1.86303699e-01]]\n",
      "\n",
      "   [[ 1.41554139e-03 -9.78739398e-01 -2.05102831e-01]\n",
      "    [ 2.34564440e-01  1.99705741e-01 -9.51365939e-01]\n",
      "    [ 9.72099501e-01 -4.67631182e-02  2.29860135e-01]]]\n",
      "\n",
      "\n",
      "  [[[ 2.69159060e-02  9.99579132e-01 -1.08185820e-02]\n",
      "    [ 9.99632716e-01 -2.68800557e-02  3.44563089e-03]\n",
      "    [ 3.15337675e-03 -1.09073520e-02 -9.99935567e-01]]\n",
      "\n",
      "   [[-1.75854151e-02  9.99797090e-01 -9.82510777e-03]\n",
      "    [-9.99283227e-01 -1.79041503e-02 -3.33540600e-02]\n",
      "    [-3.35232026e-02  9.23152162e-03  9.99395336e-01]]\n",
      "\n",
      "   [[-1.96067613e-01  9.80572350e-01  5.94388569e-03]\n",
      "    [-9.80382959e-01 -1.95897891e-01 -2.17541874e-02]\n",
      "    [-2.01671608e-02 -1.00925758e-02  9.99745694e-01]]\n",
      "\n",
      "   ...\n",
      "\n",
      "   [[-9.94185079e-02 -9.90192615e-01 -9.81550367e-02]\n",
      "    [ 3.36644478e-02  9.52401351e-02 -9.94884963e-01]\n",
      "    [ 9.94476108e-01 -1.02214313e-01  2.38656608e-02]]\n",
      "\n",
      "   [[ 1.34963173e-01 -9.86854048e-01 -8.89037370e-02]\n",
      "    [ 1.72554263e-01  1.11762333e-01 -9.78638970e-01]\n",
      "    [ 9.75710008e-01  1.16739511e-01  1.85369681e-01]]\n",
      "\n",
      "   [[-5.74319770e-04 -9.79583797e-01 -2.01034991e-01]\n",
      "    [ 2.31958110e-01  1.95421442e-01 -9.52893442e-01]\n",
      "    [ 9.72725621e-01 -4.71789672e-02  2.27110192e-01]]]\n",
      "\n",
      "\n",
      "  [[[ 2.73001362e-02  9.99590516e-01 -8.57584551e-03]\n",
      "    [ 9.99622166e-01 -2.72714701e-02  3.44220130e-03]\n",
      "    [ 3.20691569e-03 -8.66657682e-03 -9.99957323e-01]]\n",
      "\n",
      "   [[-1.75545530e-02  9.99808162e-01 -8.69065509e-03]\n",
      "    [-9.99251297e-01 -1.78431810e-02 -3.43295013e-02]\n",
      "    [-3.44779834e-02  8.08151007e-03  9.99372787e-01]]\n",
      "\n",
      "   [[-1.98280006e-01  9.80125602e-01  6.23976252e-03]\n",
      "    [-9.79920570e-01 -1.98094139e-01 -2.26808999e-02]\n",
      "    [-2.09940688e-02 -1.06116397e-02  9.99723302e-01]]\n",
      "\n",
      "   ...\n",
      "\n",
      "   [[-1.00995341e-01 -9.90113149e-01 -9.73441004e-02]\n",
      "    [ 3.28393777e-02  9.44733993e-02 -9.94985695e-01]\n",
      "    [ 9.94344793e-01 -1.03685619e-01  2.29733259e-02]]\n",
      "\n",
      "   [[ 1.33208735e-01 -9.87141167e-01 -8.83612514e-02]\n",
      "    [ 1.72243689e-01  1.10857546e-01 -9.78796681e-01]\n",
      "    [ 9.76005931e-01  1.15164608e-01  1.84796017e-01]]\n",
      "\n",
      "   [[-2.98360300e-03 -9.80068581e-01 -1.98637071e-01]\n",
      "    [ 2.29408318e-01  1.92669476e-01 -9.54070482e-01]\n",
      "    [ 9.73325746e-01 -4.84155421e-02  2.24261007e-01]]]\n",
      "\n",
      "\n",
      "  ...\n",
      "\n",
      "\n",
      "  [[[ 4.45821397e-02  9.98789430e-01 -2.07901858e-02]\n",
      "    [ 9.98999357e-01 -4.44976613e-02  4.50867414e-03]\n",
      "    [ 3.57810082e-03 -2.09703874e-02 -9.99773800e-01]]\n",
      "\n",
      "   [[-2.09178424e-02  9.99369932e-01  2.86767497e-02]\n",
      "    [-9.98585361e-01 -1.94817507e-02 -4.94748532e-02]\n",
      "    [-4.88850024e-02 -2.96710908e-02  9.98363699e-01]]\n",
      "\n",
      "   [[-2.26039830e-01  9.74046074e-01  1.18475768e-02]\n",
      "    [-9.73120498e-01 -2.25241361e-01 -4.79877116e-02]\n",
      "    [-4.40736733e-02 -2.23762549e-02  9.98777746e-01]]\n",
      "\n",
      "   ...\n",
      "\n",
      "   [[-1.73001992e-01 -9.82900125e-01 -6.30692784e-02]\n",
      "    [-8.90892606e-02  7.93887951e-02 -9.92854725e-01]\n",
      "    [ 9.80884132e-01 -1.66147041e-01 -1.01300264e-01]]\n",
      "\n",
      "   [[ 2.17370901e-01 -9.75614281e-01 -3.04408884e-02]\n",
